# id	left	top	right	bottom	texture_id
[SPRITES]
0	0	0	0	0	0
20001	274	188	289	203	20
20002	293	188	308	203	20
20003	312	188	327	203	20
20004	331	188	346	203	20
# ? Brick
20005	157	188	172	203	20
20006	176	188	191	203	20
20007	196	188	211	203	20
20008	215	188	230	203	20
#Empty Brick
20009	235	188	250	203	20

# ani_id	sprite1_id	time1	sprite2_id	time2	...
[ANIMATIONS]
#Brick - Breakable
10000	20001	150	20002	150	20003	150	20004	150
#? Brick
10001	20005	100	20006	100	20007	100	20008	100
10002	20009	0