# id	left	top	right	bottom	texture_id
[SPRITES]
# ================ GOOMBA ================
#WALK
31001	9	10	24	25	10
31002	32	10	47	25	10

#DIE
32001	54	18	69	27	10

# ================ RED GOOMBA ================
# DIE 
32002	145	77	162	86	10

#walk
31011	104	70	121	87	10
31012	125	70	142	87	10
#skip
31013	116	35	135	66	10
31014	140	35	159	66	10
#jump
31015	90	35	109	66	10
31016	66	35	85	66	10

# ani_id	sprite1_id	time1	sprite2_id	time2	...
[ANIMATIONS]
5000	32001	100
5001	31001	100	31002	100

5010	32002	100
5011	31011	100	31012	100
5012	31013	100	31014	100
5013	31013	50	31015	100	31016	50
