# list of object assets to load in this scene
[ASSETS]
assets\mario.txt
assets\brick.txt
assets\coin.txt
assets\goomba.txt
assets\cloud.txt
assets\koopas.txt
assets\mushroom.txt
[MAP]
assets\world-1-1.txt
#
[OBJECTS]
# type	x	y	extra_settings per object type
# type: 0 = Mario , 1 = Brick, 2 = Goomba, 3 = Koopas
# See OBJECT_TYPE constants in AssetIDs.h

# MARIO
0	20	210

# BRICKS
1	176	352	1
1	192	352	1
1	224	304	1
1	240	304	4
1	416	320	1
1	656	384	4
1	704	344	1
1	1472	368	4

#Goomba
2	232	400	3	0
2	530	400	3	0
2	880	383	3	0
2	944	383	3	0
2	1040	383	6	1

#Koopas
3	550	300

#Platform
5	0	416	16	16	39	0	0	0	0
5	624	400	16	16	29	0	0	0	0
5	1152	416	16	16	22	0	0	0	0
5	1536	416	16	16	5	0	0	0	0
5	1664	416	16	16	36	0	0	0	0
5	2256	416	16	16	35	0	0	0	0
5	1505	336	16	16	2	0	0	0	0
5	1569	400	16	16	1	0	0	0	0
5	1585	384	16	16	1	0	0	0	0
5	1601	368	16	16	1	0	0	0	0
5	1665	368	16	16	1	0	0	0	0
5	1681	384	16	16	1	0	0	0	0
5	1697	400	16	16	1	0	0	0	0
5	2256	368	16	16	2	0	0	0	0
5	2256	160	16	16	2	0	0	0	0
5	2832	240	16	16	9	0	0	0	0
5	2976	400	16	16	8	0	0	0	0
5	3104	384	16	16	1	0	0	0	0
5	3120	369	16	16	1	0	0	0	0
5	3136	352	16	16	1	0	0	0	0
5	3152	336	16	16	1	0	0	0	0
5	3168	320	16	16	1	0	0	0	0
5	3184	304	16	16	3	0	0	0	0
5	3232	240	16	16	8	0	0	0	0
5	3008	240	16	16	12	0	0	0	0

5	240	368	16	16	3	1	0	0	0	0
5	272	336	16	16	3	1	0	0	0	0

5	400	368	16	16	5	1	0	0	0	0
5	464	336	16	16	4	1	0	0	0	0
5	512	384	16	16	6	1	0	0	0	0
5	512	304	16	16	4	1	0	0	0	0

5	1264	384	16	16	7	1	0	0	0	0
5	1296	352	16	16	7	1	0	0	0	0
5	1328	320	16	16	7	1	0	0	0	0

5	2144	368	16	16	3	1	0	0	0	0
5	2176	272	16	16	3	1	0	0	0	0

5	1312	144	16	16	3	1	0	0	0	0
5	1408	192	16	16	3	1	0	0	0	0
5	1488	176	16	16	3	1	0	0	0	0



#Portal 
50	300	120	316	160	2

