[ASSETS]
assets\world_scene.txt
[MAP]
scenes\world1.txt
[OBJECTS]
# type	x	y	ani_set_id	extra_settings per object type	type
# 20 = BUSH, 21 = PANEL
#=======BUSH-OBJ===========
10	16	16	4
10	32	16	4
10	48	16	4
10	16	32	4
10	32	32	4
10	48	32	4
10	16	64	4
10	32	64	4
10	48	64	4
10	16	80	4
10	16	80	4
10	48	80	4
10	16	96	4
10	80	32	4
10	96	32	4
10	112	32	4
10	80	48	4
10	96	48	4
10	112	48	4
10	80	64	4
10	96	64	4
10	112	64	4
10	144	32	4
10	160	32	4
10	176	32	4
10	208	16	4
10	224	16	4
10	208	32	4
10	224	32	4
10	208	48	4
10	224	48	4
10	208	64	4
10	224	64	4
10	144	64	4
10	160	64	4
10	176	64	4
10	192	64	4
10	224	80	4
10	224	96	4
10	224	112	4
10	224	128	4
10	224	144	4
10	144	80	4
10	160	80	4
10	128	96	4
10	112	96	4
10	96	96	4
#====HAMMER-BROTHER====
10	160	112	5
#objID	X	Y	left	top	right	bottom	sceneID		option_tag
#====PANEL====									
10	32	49	3	0	0	1	0	0	1
10	64	17	3	0	0	1	1	1	2
10	64	145	3	0	1	1	0	0	3
10	128	17	3	1	0	1	1	0	4
10	128	145	3	1	1	0	0	0	5
10	128	81	3	1	1	0	0	0	6
10	160	17	3	1	0	1	0	0	7
10	167	49	3	1	0	1	0	0	8
#10	191	94	3	1	0	0	0	0	9
#====STOPPOINT====									
10	64	49	2	1	1	0	0	0	10
10	96	17	2	1	0	1	0	0	10
10	192	17	2	1	0	0	1	0	10
10	128	49	2	0	1	1	1	0	10
10	192	49	2	1	1	0	0	0	10
10	96	81	2	1	0	1	0	0	10
10	64	81	2	0	0	1	1	0	10
10	96	113	2	0	0	1	0	0	10
10	128	113	2	1	0	1	1	0	10
10	160	113	2	1	0	1	0	0	10
10	192	113	2	1	0	0	0	0	10
10	64	113	2	0	1	0	1	0	10
10	96	145	2	1	0	1	0	0	10
#========PLAYER===========
#----MARIO----
0	32	48